住民基本台帳による人口,,,(令和6年(2024年)4月末日現在）,,,,,,,,
町名,世帯数,人口計,人口（男）,人口（女）,,,,,,,
入舟町,353,523,217,306,,,,,,,
船見町,472,813,374,439,,,,,,,
弥生町,565,955,427,528,,,,,,,
弁天町,525,828,367,461,,,,,,,
大町,342,555,270,285,,,,,,,
末広町,576,839,344,495,,,,,,,
元町,522,843,368,475,,,,,,,
青柳町,916,1585,717,868,,,,,,,
谷地頭町,716,1232,535,697,,,,,,,
住吉町,499,767,335,432,,,,,,,
宝来町,752,1259,550,709,,,,,,,
東川町,607,981,410,571,,,,,,,
豊川町,460,716,325,391,,,,,,,
大手町,435,608,290,318,,,,,,,
栄町,576,883,377,506,,,,,,,
旭町,370,551,224,327,,,,,,,
東雲町,216,378,156,222,,,,,,,
大森町,861,1264,604,660,,,,,,,
松風町,270,371,159,212,,,,,,,
若松町,623,997,433,564,,,,,,,
千歳町,511,767,364,403,,,,,,,
新川町,656,977,437,540,,,,,,,
上新川町,338,534,230,304,,,,,,,
海岸町,650,992,441,551,,,,,,,
大縄町,734,1145,523,622,,,,,,,
松川町,1191,1925,858,1067,,,,,,,
万代町,720,1066,494,572,,,,,,,
浅野町,1,2,1,1,,,,,,,
吉川町,349,624,287,337,,,,,,,
北浜町,433,658,286,372,,,,,,,
港町１丁目,1296,2183,1062,1121,,,,,,,
港町２丁目,717,1225,576,649,,,,,,,
港町３丁目,918,1260,625,635,,,,,,,
追分町,504,974,478,496,,,,,,,
亀田町,892,1479,686,793,,,,,,,
大川町,1245,2075,876,1199,,,,,,,
田家町,1320,2209,968,1241,,,,,,,
白鳥町,928,1480,675,805,,,,,,,
八幡町,932,1520,711,809,,,,,,,
宮前町,1226,1822,816,1006,,,,,,,
中島町,1335,2055,893,1162,,,,,,,
千代台町,1137,1700,762,938,,,,,,,
堀川町,1062,1689,741,948,,,,,,,
高盛町,870,1470,641,829,,,,,,,
宇賀浦町,508,775,355,420,,,,,,,
日乃出町,814,1217,572,645,,,,,,,
的場町,1107,1912,823,1089,,,,,,,
時任町,1019,1699,725,974,,,,,,,
杉並町,762,1246,532,714,,,,,,,
本町,1126,1577,677,900,,,,,,,
梁川町,858,1335,612,723,,,,,,,
五稜郭町,894,1270,572,698,,,,,,,
柳町,386,637,293,344,,,,,,,
松陰町,1296,2278,996,1282,,,,,,,
人見町,998,1690,730,960,,,,,,,
金堀町,449,708,342,366,,,,,,,
乃木町,645,1162,591,571,,,,,,,
柏木町,1770,2995,1305,1690,,,,,,,
川原町,939,1409,623,786,,,,,,,
本庁管内分,44192,70689,31661,39028,,,,,,,
深堀町,2723,4435,1837,2598,,,,,,,
駒場町,865,1377,527,850,,,,,,,
広野町,343,516,337,179,,,,,,,
湯浜町,1334,2005,877,1128,,,,,,,
湯川町１丁目,1040,1594,662,932,,,,,,,
湯川町２丁目,1280,2038,892,1146,,,,,,,
湯川町３丁目,1410,2156,892,1264,,,,,,,
戸倉町,934,1776,865,911,,,,,,,
榎本町,707,1224,536,688,,,,,,,
花園町,1686,2834,1231,1603,,,,,,,
日吉町１丁目,1273,2129,1131,998,,,,,,,
日吉町２丁目,1571,3115,1421,1694,,,,,,,
日吉町３丁目,1652,2874,1214,1660,,,,,,,
日吉町４丁目,1149,2122,947,1175,,,,,,,
上野町,1267,2192,1010,1182,,,,,,,
高丘町,1527,2557,1159,1398,,,,,,,
滝沢町,234,368,158,210,,,,,,,
見晴町,205,386,166,220,,,,,,,
鈴蘭丘町,75,92,41,51,,,,,,,
上湯川町,1797,2979,1364,1615,,,,,,,
銅山町,34,40,14,26,,,,,,,
旭岡町,119,172,67,105,,,,,,,
西旭岡町１丁目,499,882,394,488,,,,,,,
西旭岡町２丁目,860,1533,679,854,,,,,,,
西旭岡町３丁目,672,1184,519,665,,,,,,,
鱒川町,25,41,20,21,,,,,,,
寅沢町,0,0,0,0,,,,,,,
三森町,0,0,0,0,,,,,,,
紅葉山町,4,6,2,4,,,,,,,
庵原町,60,110,50,60,,,,,,,
亀尾町,51,77,35,42,,,,,,,
米原町,57,101,52,49,,,,,,,
東畑町,42,61,29,32,,,,,,,
鉄山町,13,18,11,7,,,,,,,
蛾眉野町,20,30,14,16,,,,,,,
湯川支所管内分,25528,43024,19153,23871,,,,,,,
根崎町,253,441,200,241,,,,,,,
高松町,1033,1843,850,993,,,,,,,
志海苔町,186,306,139,167,,,,,,,
瀬戸川町,107,187,80,107,,,,,,,
赤坂町,56,109,50,59,,,,,,,
銭亀町,692,1307,625,682,,,,,,,
中野町,38,49,14,35,,,,,,,
新湊町,289,406,186,220,,,,,,,
石倉町,10,20,10,10,,,,,,,
古川町,304,478,215,263,,,,,,,
豊原町,43,68,34,34,,,,,,,
石崎町,294,477,220,257,,,,,,,
鶴野町,45,77,39,38,,,,,,,
白石町,49,93,51,42,,,,,,,
銭亀沢支所管内分,3399,5861,2713,3148,,,,,,,
富岡町１丁目,2234,3823,1678,2145,,,,,,,
富岡町２丁目,2559,4153,1898,2255,,,,,,,
富岡町３丁目,1591,2578,1137,1441,,,,,,,
中道１丁目,1185,1912,861,1051,,,,,,,
中道２丁目,1913,3142,1387,1755,,,,,,,
山の手１丁目,805,1500,670,830,,,,,,,
山の手２丁目,1329,2427,1093,1334,,,,,,,
山の手３丁目,1477,2838,1281,1557,,,,,,,
本通１丁目,1816,3173,1411,1762,,,,,,,
本通２丁目,1537,2661,1186,1475,,,,,,,
本通３丁目,662,1207,528,679,,,,,,,
本通４丁目,917,1597,719,878,,,,,,,
鍛治１丁目,1370,2539,1173,1366,,,,,,,
鍛治２丁目,1377,2392,1018,1374,,,,,,,
陣川町,1586,2983,1465,1518,,,,,,,
陣川１丁目,365,677,305,372,,,,,,,
陣川２丁目,298,556,260,296,,,,,,,
神山町,221,476,220,256,,,,,,,
神山１丁目,607,1110,510,600,,,,,,,
神山２丁目,197,338,155,183,,,,,,,
神山３丁目,1459,2834,1276,1558,,,,,,,
東山町,670,1128,551,577,,,,,,,
東山１丁目,537,1046,491,555,,,,,,,
東山２丁目,1339,2500,1135,1365,,,,,,,
東山３丁目,715,1374,653,721,,,,,,,
美原１丁目,1094,1777,829,948,,,,,,,
美原２丁目,1644,2643,1228,1415,,,,,,,
美原３丁目,1880,3270,1487,1783,,,,,,,
美原４丁目,1266,2182,986,1196,,,,,,,
美原５丁目,1148,2173,986,1187,,,,,,,
赤川町,808,1444,715,729,,,,,,,
赤川１丁目,929,1645,768,877,,,,,,,
亀田中野町,274,445,239,206,,,,,,,
北美原１丁目,587,1169,548,621,,,,,,,
北美原２丁目,714,1374,638,736,,,,,,,
北美原３丁目,542,1073,492,581,,,,,,,
水元町,0,0,0,0,,,,,,,
亀田大森町,0,0,0,0,,,,,,,
石川町,2769,5652,2712,2940,,,,,,,
桔梗町,2191,4754,2275,2479,,,,,,,
桔梗１丁目,647,1095,471,624,,,,,,,
桔梗２丁目,814,1633,748,885,,,,,,,
桔梗３丁目,838,1613,742,871,,,,,,,
桔梗４丁目,911,1745,785,960,,,,,,,
桔梗５丁目,1009,2154,1043,1111,,,,,,,
西桔梗町,1524,2847,1412,1435,,,,,,,
昭和町,554,1190,583,607,,,,,,,
昭和１丁目,976,1773,807,966,,,,,,,
昭和２丁目,1419,2405,1128,1277,,,,,,,
昭和３丁目,1273,2129,983,1146,,,,,,,
昭和４丁目,1817,3232,1545,1687,,,,,,,
亀田本町,1841,3216,1489,1727,,,,,,,
亀田港町,2186,3805,1771,2034,,,,,,,
亀田支所管内分,60421,109402,50471,58931,,,,,,,
小安町,364,627,290,337,,,,,,,
小安山町,0,0,0,0,,,,,,,
釜谷町,238,400,175,225,,,,,,,
汐首町,85,157,80,77,,,,,,,
瀬田来町,98,201,97,104,,,,,,,
弁才町,61,93,39,54,,,,,,,
泊町,15,28,12,16,,,,,,,
館町,38,63,28,35,,,,,,,
浜町,215,394,181,213,,,,,,,
新二見町,25,42,21,21,,,,,,,
原木町,61,105,51,54,,,,,,,
丸山町,0,0,0,0,,,,,,,
戸井支所管内分,1200,2110,974,1136,,,,,,,
日浦町,95,167,80,87,,,,,,,
吉畑町,0,0,0,0,,,,,,,
豊浦町,90,160,91,69,,,,,,,
大澗町,149,267,131,136,,,,,,,
中浜町,116,192,87,105,,,,,,,
女那川町,168,277,151,126,,,,,,,
川上町,91,137,55,82,,,,,,,
日和山町,0,0,0,0,,,,,,,
高岱町,38,65,33,32,,,,,,,
日ノ浜町,191,288,117,171,,,,,,,
古武井町,74,120,58,62,,,,,,,
恵山町,251,436,220,216,,,,,,,
柏野町,88,173,80,93,,,,,,,
御崎町,44,86,44,42,,,,,,,
恵山支所管内分,1395,2368,1147,1221,,,,,,,
恵山岬町,11,18,11,7,,,,,,,
元村町,27,56,26,30,,,,,,,
富浦町,39,66,30,36,,,,,,,
島泊町,26,42,17,25,,,,,,,
新恵山町,5,10,6,4,,,,,,,
絵紙山町,3,6,4,2,,,,,,,
新八幡町,62,110,55,55,,,,,,,
新浜町,136,250,113,137,,,,,,,
銚子町,102,196,90,106,,,,,,,
椴法華支所管内分,411,754,352,402,,,,,,,
古部町,54,99,49,50,,,,,,,
木直町,272,507,258,249,,,,,,,
尾札部町,561,1081,540,541,,,,,,,
川汲町,508,905,409,496,,,,,,,
安浦町,156,267,122,145,,,,,,,
臼尻町,290,504,248,256,,,,,,,
豊崎町,135,266,125,141,,,,,,,
大船町,176,347,177,170,,,,,,,
双見町,65,121,64,57,,,,,,,
岩戸町,61,130,73,57,,,,,,,
南茅部支所管内分,2278,4227,2065,2162,,,,,,,
計,138824,238435,108536,129899,,,,,,,
うち外国人,1538,1662,698,964,,,,,,,
